- Exploratory study
- Preprocessing
- Convolutional network
- MLP/DT 


na 5 tree splits support vector machines.
Sentimentscore description. Meegeleverd?
Zoek op wat in real life belangrijk zou zijn/wat niet per se in de data zelf zit.
Wat is binnen gaggle populair?
Pre-trained network? Wat zijn daar belangrijke features?
Laad plaatje in pre-process opslaan, dat als feature gebruiken.
Splits het op in kleine stapjes. Zeker voor plaatjes.
Verschil tussen plaatjes van dieren die de 1ste week zijn geadopteerd en dieren die nooit zijn geadopteerd. In hoeveel nummers splitsen we ze?
softmax layer op laatste layer.
Combineer dat daarna met andere voorspelling.
Majority voting van alle verschillende classifiers, welke classifier is beter voor welk deel? weighted votes?
Interpretability kan nog achterwege blijven.

deze week:
meer naar plaatjes kijken. vanaf notebook git met plaatjes.
presentatie voorbereiden.
aan verslag schrijven.
nog een keer naar beschrijving kijken.
hoeveel breeds staan er aangegeven? Hebben we alles uit kleur gehaald?
samenvoegen classifiers.
Image metadata. sentimentdata gebruiken

[4, 4, 2, 2, 2, 4, 2, 1, 1, 2, 4, 4, 4, 1, 4, 1, 4, 2, 2, 1, 2, 4, 1, 1, 4, 2, 2, 4, 4, 2, 2, 1, 4, 2, 4, 4, 4, 2, 4, 4, 2, 4, 4, 1, 4, 2, 3, 4, 4, 1, 3, 1, 2, 2, 4, 2, 1, 4, 1, 2, 2, 2, 4, 3, 4, 4, 4, 4, 2, 1, 4, 4, 4, 4, 4, 4, 2, 1, 4, 4, 2, 4, 4, 2, 3, 1, 1, 3, 2, 4, 4, 2, 1, 1, 2, 1, 4, 2, 4, 2, 4, 4, 1, 3, 3, 1, 1, 2, 2, 1, 4, 4, 1, 1, 2, 2, 4, 1, 4, 2, 2, 4, 4, 2, 2, 4, 1, 4, 1, 4, 4, 2, 2, 1, 1, 4, 4, 4, 4, 2, 4, 2, 2, 3, 1, 4, 1, 4, 4, 2, 1, 4, 2, 2, 1, 3, 1, 1, 2, 1, 4, 4, 2, 4, 1, 1, 4, 2, 1, 4, 2, 4, 1, 4, 1, 4, 1, 2, 1, 2, 4, 1, 1, 4, 4, 4, 4, 2, 4, 4, 2, 2, 4, 2, 4, 4, 4, 4, 1, 4, 4, 4, 4, 1, 1, 4, 1, 1, 4, 4, 3, 2, 2, 1, 2, 4, 4, 4, 2, 4, 4, 2, 1, 4, 3, 4, 4, 4, 4, 1, 1, 1, 4, 4, 1, 2, 1, 1, 4, 1, 4, 2, 2, 1, 4, 2, 4, 2, 2, 1, 1, 4, 1, 4, 1, 2, 4, 1, 3, 2, 4, 1, 4, 4, 4, 4, 2, 4, 4, 2, 4, 4, 1, 1, 2, 4, 4, 4, 4, 4, 1, 2, 2, 1, 2, 4, 4, 1, 4, 4, 2, 1, 1, 2, 4, 1, 4, 4, 4, 2, 2, 2, 4, 4, 1, 1, 4, 4, 2, 1, 2, 2, 4, 4, 4, 4, 4, 4, 2, 1, 2, 1, 4, 4, 1, 3, 1, 4, 4, 2, 1, 4, 2, 4, 1, 2, 4, 4, 2, 4, 4, 4, 3, 2, 2, 2, 1, 1, 4, 2, 4, 2, 4, 4, 4, 2, 4, 1, 2, 4, 1, 4, 4, 2, 1, 2, 4, 4, 2, 2, 2, 1, 4, 4, 4, 2, 4, 4, 2, 2, 4, 2, 4, 1, 1, 4, 2, 2, 2, 2, 4, 2, 2, 4, 4, 4, 4, 2, 3, 2, 3, 2, 1, 4, 2, 2, 2, 4, 4, 2, 4, 4, 2, 2, 2, 4, 2, 2, 1, 2, 4, 1, 1, 1, 1, 2, 4, 1, 4, 2, 1, 3, 1, 2, 2, 2, 1, 2, 1, 4, 4, 4, 4, 2, 2, 2, 2, 1, 2, 2, 1, 4, 2, 1, 1, 2, 1, 4, 4, 1, 2, 4, 4, 4, 3, 4, 1, 4, 4, 4, 2, 4, 2, 4, 4, 1, 4, 2, 4, 1, 2, 4, 2, 4, 2, 2, 4, 4, 4, 1, 4, 4, 4, 2, 1, 4, 1, 1, 4, 4, 4, 2, 2, 4, 2, 2, 2, 1, 4, 2, 2, 4, 4, 4, 1, 4, 1, 3, 4, 1, 1, 4, 2, 1, 4, 2, 2, 2, 4, 2, 4, 1, 4, 1, 1, 1, 2, 4, 4, 1, 1, 2, 4, 2, 4, 1, 2, 1, 1, 4, 2, 2, 3, 2, 2, 4, 4, 2, 1, 3, 2, 4, 4, 4, 1, 1, 4, 4, 4, 2, 2, 4, 1, 4, 4, 1, 2, 4, 1, 1, 4, 4, 1, 4, 4, 2, 2, 4, 2, 4, 4, 2, 2, 4, 4, 1, 2, 2, 4, 1, 4, 4, 4, 2, 1, 2, 2, 2, 2, 1, 2, 2, 4, 1, 1, 4, 1, 3, 2, 4, 4, 1, 1, 4, 2, 4, 1, 1, 2, 2, 4, 1, 4, 1, 1, 4, 2, 4, 2, 2, 1, 2, 2, 1, 1, 2, 4, 1, 4, 2, 4, 4, 4, 2, 4, 4, 4, 2, 4, 2, 2, 2, 4, 4, 1, 4, 2, 4, 1, 4, 1, 4, 1, 1, 2, 2, 4, 2, 2, 4, 1, 4, 2, 2, 1, 4, 1, 2, 3, 2, 2, 4, 1, 4, 4, 4, 1, 2, 4, 2, 1, 3, 1, 4, 1, 4, 1, 4, 2, 4, 4, 3, 4, 1, 1, 1, 1, 2, 2, 4, 4, 4, 2, 4, 4, 3, 4, 4, 3, 2, 4, 4, 3, 2, 4, 2, 4, 4, 4, 2, 2, 2, 1, 2, 1, 2, 1, 3, 4, 2, 3, 4, 4, 2, 4, 1, 4, 2, 2, 4, 2, 4, 2, 1, 2, 4, 2, 4, 4, 2, 2, 4, 1, 4, 4, 2, 2, 4, 4, 4, 4, 4, 3, 4, 2, 1, 4, 2, 1, 2, 4, 4, 4, 1, 1, 4, 2, 4, 2, 2, 4, 2, 2, 4, 2, 2, 4, 1, 4, 1, 3, 4, 2, 4, 1, 1, 4, 4, 4, 4, 2, 4, 4, 2, 2, 1, 3, 4, 2, 4, 1, 2, 2, 4, 2, 2, 1, 4, 4, 3, 1, 4, 3, 2, 2, 4, 4, 4, 2, 4, 4, 1, 1, 2, 4, 2, 4, 4, 4, 4, 4, 1, 2, 4, 4, 4, 4, 4, 4, 2, 2, 4, 4, 4, 1, 4, 4, 4, 2, 4, 2, 4, 2, 4, 1, 4, 2, 4, 4, 1, 4, 4, 2, 4, 2, 2, 4, 4, 2, 2, 2, 1, 4, 1, 1, 4, 4, 4, 4, 2, 1, 2, 2, 1, 2, 4, 2, 4, 1, 2, 3, 2, 4, 2, 1, 4, 4, 3, 4, 2, 4, 4, 4, 2, 4, 2, 4, 1, 4, 4, 1, 4, 1, 2, 2, 1, 2, 4, 2, 2, 4, 1, 3, 4, 4, 2, 2, 1, 1, 1, 2, 2, 2, 2, 3, 1, 1, 2, 4, 4, 4, 4, 4, 1, 1, 2, 2, 1, 4, 1, 1, 2, 4, 4, 2, 4, 4, 4, 1, 1, 1, 4, 1, 1, 4, 1, 1, 4, 4, 4, 2, 1, 1, 4, 2, 3, 1, 1, 4, 4, 1, 2, 2, 1, 4, 2, 4, 1, 2, 4, 1, 2, 1, 4, 2, 2, 4, 4, 4, 2, 4, 4, 4, 3, 1, 4, 4, 2, 2, 4, 4, 1, 1, 4, 4, 2, 1, 1, 4, 4, 1, 4, 4, 4, 4, 4, 3, 4, 1, 4, 4, 1, 2, 4, 4, 1, 4, 2, 1, 1, 4, 4, 2, 1, 2, 4, 2, 1, 1, 1, 2, 4, 4, 2, 1, 4, 1, 4, 1, 2, 4, 4, 1, 2, 4, 1, 4, 2, 4, 4, 4, 1, 4, 2, 2, 1, 2, 4, 4, 2, 1, 4, 2, 1, 2, 4, 2, 2, 2, 1, 4, 2, 4, 1, 1, 2, 1, 4, 4, 1, 2, 2, 4, 4, 1, 4, 4, 2, 2, 4, 2, 1, 2, 4, 1, 2, 4, 1, 4, 4, 1, 2, 2, 2, 4, 3, 4, 2, 4, 4, 4, 1, 1, 2, 2, 4, 2, 1, 1, 2, 4, 1, 2, 4, 2, 1, 2, 2, 4, 4, 1, 4, 4, 1, 2, 2, 3, 1, 1, 2, 4, 4, 1, 2, 1, 4, 2, 1, 2, 1, 1, 4, 2, 2, 4, 4, 1, 1, 3, 1, 1, 3, 1, 1, 2, 4, 4, 2, 1, 2, 2, 2, 1, 4, 1, 1, 2, 4, 4, 4, 4, 4, 2, 2, 4, 2, 1, 4, 2, 4, 4, 1, 4, 4, 4, 4, 4, 2, 4, 1, 2, 4, 2, 4, 2, 4, 1, 4, 2, 4, 4, 2, 4, 2, 4, 2, 4, 2, 4, 2, 4, 1, 1, 1, 1, 4, 4, 4, 1, 2, 1, 1, 4, 4, 4, 2, 4, 2, 4, 4, 1, 1, 2, 2, 4, 4, 1, 1, 4, 2, 1, 2, 2, 2, 4, 4, 4, 1, 4, 4, 4, 2, 2, 4, 2, 4, 4, 1, 1, 2, 4, 4, 2, 2, 3, 3, 4, 4, 4, 3, 4, 2, 2, 4, 4, 1, 2, 4, 2, 2, 1, 1, 2, 4, 4, 4, 2, 1, 4, 3, 4, 2, 4, 4, 2, 4, 4, 2, 2, 4, 4, 3, 4, 1, 2, 4, 3, 4, 1, 2, 2, 3, 2, 4, 4, 2, 4, 2, 4, 4, 4, 2, 2, 1, 1, 4, 4, 4, 2, 2, 4, 2, 4, 4, 4, 4, 2, 4, 2, 4, 4, 1, 2, 4, 2, 1, 4, 2, 1, 2, 4, 2, 4, 1, 4, 2, 4, 2, 4, 4, 4, 2, 4, 4, 4, 4, 2, 2, 2, 1, 1, 4, 1, 1, 3, 2, 4, 4, 1, 4, 4, 4, 4, 4, 4, 4, 4, 4, 4, 4, 4, 2, 1, 2, 4, 4, 4, 1, 4, 4, 1, 1, 4, 1, 4, 2, 4, 1, 4, 2, 2, 4, 1, 1, 2, 4, 3, 1, 1, 4, 1, 2, 4, 2, 2, 4, 4, 1, 4, 2, 4, 1, 1, 4, 1, 2, 4, 4, 4, 1, 4, 4, 4, 3, 4, 4, 1, 4, 4, 2, 4, 4, 4, 4, 4, 2, 4, 2, 1, 4, 4, 4, 4, 1, 1, 1, 3, 4, 1, 1, 4, 4, 4, 1, 2, 1, 4, 4, 1, 1, 4, 4, 4, 1, 2, 2, 2, 4, 4, 4, 3, 3, 2, 2, 2, 4, 1, 1, 4, 4, 2, 4, 3, 2, 4, 4, 4, 2, 1, 2, 2, 2, 4, 3, 4, 4, 2, 2, 2, 2, 4, 4, 4, 4, 3, 4, 2, 1, 1, 4, 2, 1, 2, 4, 1, 1, 2, 1, 2, 1, 4, 2, 2, 2, 2, 2, 2, 3, 1, 4, 2, 2, 1, 4, 2, 4, 2, 4, 1, 4, 4, 4, 4, 4, 4, 1, 4, 2, 1, 1, 4, 1, 4, 4, 1, 4, 4, 1, 4, 2, 1, 4, 4, 3, 4, 2, 2, 2, 2, 4, 2, 2, 2, 3, 2, 2, 1, 3, 2, 3, 1, 1, 4, 4, 2, 2, 4, 4, 4, 4, 4, 4, 4, 1, 4, 2, 2, 4, 2, 4, 4, 4, 3, 1, 2, 4, 4, 4, 2, 2, 2, 3, 4, 2, 4, 4, 4, 4, 2, 1, 1, 4, 1, 2, 2, 2, 1, 1, 4, 4, 1, 4, 4, 1, 2, 4, 4, 4, 4, 4, 2, 2, 2, 3, 4, 1, 2, 1, 2, 4, 1, 1, 2, 2, 4, 3, 4, 1, 1, 4, 4, 4, 4, 2, 2, 1, 1, 1, 4, 4, 2, 1, 3, 1, 1, 4, 2, 1, 2, 1, 4, 3, 2, 2, 1, 1, 1, 4, 1, 2, 1, 2, 4, 2, 2, 2, 4, 4, 4, 3, 2, 2, 4, 4, 1, 2, 2, 4, 1, 2, 2, 4, 4, 1, 1, 2, 4, 2, 2, 1, 4, 4, 3, 4, 4, 4, 4, 4, 4, 2, 1, 4, 4, 3, 2, 1, 1, 4, 3, 4, 2, 4, 4, 4, 4, 1, 2, 2, 2, 2, 4, 4, 3, 2, 4, 4, 1, 2, 3, 4, 1, 2, 2, 4, 2, 4, 1, 4, 2, 4, 4, 4, 2, 4, 2, 2, 2, 4, 1, 1, 2, 3, 2, 4, 4, 4, 4, 1, 1, 1, 4, 1, 2, 2, 4, 4, 4, 4, 2, 3, 4, 1, 4, 1, 2, 2, 2, 2, 3, 1, 1, 4, 4, 4, 2, 4, 2, 4, 2, 2, 4, 2, 1, 4, 4, 4, 2, 1, 4, 4, 4, 4, 1, 2, 2, 4, 1, 4, 2, 4, 4, 1, 2, 4, 1, 2, 1, 4, 4, 1, 1, 3, 4, 2, 2, 4, 4, 4, 4, 2, 4, 1, 2, 4, 4, 2, 2, 4, 2, 4, 1, 4, 2, 2, 3, 1, 4, 2, 2, 2, 2, 4, 4, 2, 2, 3, 2, 1, 1, 2, 4, 4, 4, 4, 4, 2, 1, 4, 4, 4, 4, 2, 2, 2, 4, 4, 2, 3, 4, 2, 2, 2, 1, 1, 1, 1, 2, 4, 4, 4, 2, 2, 1, 4, 1, 4, 4, 4, 2, 1, 1, 4, 4, 4, 3, 4, 1, 1, 4, 2, 2, 2, 4, 4, 2, 2, 1, 4, 2, 2, 4, 1, 1, 2, 2, 4, 4, 4, 1, 1, 4, 1, 4, 2, 4, 1, 1, 1, 1, 2, 2, 1, 1, 1, 1, 1, 4, 3, 4, 4, 4, 1, 1, 2, 2, 4, 2, 1, 1, 1, 2, 4, 4, 4, 1, 4, 4, 4, 1, 4, 4, 4, 1, 1, 2, 1, 1, 4, 4, 2, 3, 1, 1, 2, 1, 2, 2, 4, 2, 4, 4, 2, 4, 2, 3, 4, 1, 2, 3, 4, 4, 1, 4, 2, 4, 3, 2, 2, 4, 1, 1, 1, 1, 3, 2, 4, 4, 4, 2, 4, 2, 1, 1, 2, 2, 2, 1, 2, 2, 2, 4, 1, 3, 1, 3, 2, 2, 4, 2, 2, 2, 2, 1, 4, 1, 4, 1, 2, 1, 4, 1, 4, 4, 1, 4, 1, 2, 2, 1, 4, 1, 2, 4, 3, 4, 4, 2, 2, 1, 4, 1, 1, 4, 4, 2, 4, 4, 4, 2, 1, 4, 4, 4, 2, 4, 1, 1, 2, 2, 4, 1, 4, 2, 4, 4, 4, 4, 4, 2, 2, 2, 2, 1, 2, 4, 4, 2, 4, 1, 2, 1, 4, 2, 4, 1, 4, 3, 1, 4, 4, 2, 2, 1, 1, 2, 1, 2, 2, 2, 1, 4, 2, 2, 2, 1, 2, 4, 4, 2, 2, 2, 4, 4, 2, 1, 2, 4, 1, 1, 4, 4, 2, 4, 1, 4, 2, 1, 3, 2, 2, 2, 1, 2, 4, 1, 2, 3, 4, 1, 1, 1, 2, 1, 4, 1, 4, 4, 2, 4, 1, 3, 2, 4, 4, 2, 4, 2, 4, 2, 1, 4, 4, 4, 1, 4, 2, 1, 1, 4, 1, 1, 1, 1, 4, 2, 2, 4, 1, 4, 2, 4, 4, 3, 4, 2, 4, 2, 1, 4, 4, 4, 4, 2, 2, 1, 2, 4, 1, 4, 3, 2, 2, 3, 2, 2, 3, 2, 2, 1, 3, 4, 2, 2, 2, 2, 1, 4, 4, 1, 4, 4, 4, 1, 4, 2, 4, 2, 4, 4, 4, 1, 4, 2, 1, 4, 2, 2, 4, 4, 2, 2, 1, 4, 4, 2, 4, 4, 4, 1, 2, 1, 2, 2, 4, 4, 1, 1, 1, 4, 2, 1, 4, 1, 1, 2, 2, 1, 1, 1, 1, 4, 1, 4, 4, 2, 4, 1, 1, 1, 2, 2, 4, 4, 1, 1, 4, 2, 4, 1, 4, 4, 4, 2, 1, 4, 4, 4, 4, 1, 2, 1, 2, 2, 2, 2, 2, 4, 4, 4, 2, 2, 2, 2, 2, 1, 2, 2, 4, 4, 1, 1, 2, 4, 4, 4, 2, 1, 2, 2, 2, 4, 4, 4, 2, 4, 4, 2, 4, 2, 4, 2, 2, 2, 2, 2, 1, 1, 2, 4, 1, 2, 2, 2, 2, 4, 4, 2, 4, 3, 4, 2, 4, 4, 2, 1, 4, 4, 4, 2, 2, 2, 2, 1, 2, 1, 4, 2, 4, 2, 4, 4, 4, 1, 1, 2, 4, 1, 1, 2, 4, 4, 4, 4, 1, 1, 4, 1, 1, 4, 3, 1, 1, 4, 1, 2, 2, 1, 1, 4, 1, 1, 4, 3, 2, 2, 4, 1, 4, 1, 1, 1, 2, 1, 4, 4, 4, 4, 4, 4, 2, 4, 2, 4, 1, 4, 2, 2, 2, 1, 2, 4, 2, 4, 4, 4, 4, 1, 4, 2, 1, 4, 4, 1, 1, 2, 2, 4, 4, 4, 3, 1, 4, 2, 4, 2, 2, 2, 4, 2, 4, 2, 1, 1, 2, 4, 3, 3, 2, 4, 3, 3, 1, 4, 2, 2, 3, 4, 4, 3, 2, 4, 1, 2, 2, 2, 4, 4, 2, 2, 4, 4, 1, 2, 4, 2, 4, 1, 1, 1, 2, 1, 2, 2, 4, 2, 1, 2, 2, 4, 4, 4, 4, 4, 4, 4, 1, 4, 4, 1, 4, 4, 2, 4, 3, 4, 2, 4, 2, 4, 2, 2, 2, 1, 4, 2, 4, 1, 1, 2, 1, 2, 4, 4, 1, 2, 2, 2, 1, 4, 4, 3, 1, 3, 1, 1, 1, 4, 2, 4, 2, 2, 2, 2, 4, 2, 1, 4, 4, 4, 4, 4, 2, 4, 3, 2, 1, 1, 1, 4, 4, 2, 2, 4, 4, 1, 1, 2, 4, 2, 1, 4, 4, 2, 4, 1, 2, 4, 2, 4, 1, 1, 2, 2, 1, 1, 4, 2, 4, 2, 1, 1, 2, 4, 4, 2, 1, 2, 1, 4, 4, 4, 4, 4, 4, 4, 1, 4, 4, 1, 3, 4, 2, 2, 2, 2, 2, 4, 4, 1, 4, 4, 1, 1, 3, 1, 2, 1, 1, 4, 1, 3, 1, 1, 4, 1, 4, 1, 4, 4, 2, 4, 2, 2, 4, 2, 2, 4, 4, 4, 1, 4, 4, 2, 2, 2, 1, 3, 4, 3, 4, 4, 4, 1, 3, 2, 4, 2, 3, 4, 4, 4, 4, 2, 4, 3, 2, 4, 2, 1, 4, 4, 4, 2, 4, 1, 4, 1, 4, 2, 4, 4, 4, 1, 4, 4, 4, 1, 2, 2, 1, 1, 2, 4, 2, 4, 4, 4, 2, 4, 4, 4, 2, 2, 2, 2, 4, 2, 3, 2, 1, 3, 1, 4, 1, 2, 4, 4, 2, 1, 2, 2, 4, 2, 2, 2, 4, 4, 4, 1, 2, 2, 2, 4, 3, 4, 1, 4, 1, 4, 3, 4, 4, 2, 1, 2, 4, 3, 1, 4, 4, 1, 4, 2, 1, 3, 4, 1, 4, 1, 3, 4, 4, 1, 4, 2, 4, 4, 4, 1, 1, 2, 1, 1, 4, 4, 2, 4, 2, 2, 4, 4, 4, 1, 2, 4, 3, 2, 1, 1, 4, 4, 1, 4, 4, 4, 4, 2, 2, 4, 4, 4, 4, 3, 1, 3, 1, 2, 4, 2, 4, 2, 4, 2, 4, 1, 4, 2, 2, 2, 2, 4, 2, 1, 1, 4, 4, 1, 4, 3, 1, 4, 4, 2, 1, 2, 2, 4, 2, 1, 4, 2, 1, 2, 1, 2, 4, 2, 4, 4, 1, 4, 1, 1, 2, 2, 4, 1, 4, 4, 4, 1, 4, 4, 2, 1, 2, 4, 1, 3, 2, 2, 3, 4, 1, 2, 4, 1, 1, 4, 4, 4, 2, 1, 1, 4, 2, 4, 4, 4, 4, 1, 2, 4, 4, 2, 4, 4, 4, 4, 2, 4, 4, 2, 2, 4, 2, 1, 1, 1, 1, 2, 1, 4, 2, 2, 1, 4, 2, 2, 1, 4, 1, 1, 2, 3, 4, 2, 4, 4, 4, 4, 1, 2, 4, 2, 4, 4, 3, 2, 2, 1, 4, 4, 2, 1, 4, 2, 2, 4, 2, 1, 4, 1, 4, 4, 3, 2, 2, 4, 4, 4, 2, 4, 1, 2, 2, 4, 4, 3, 2, 2, 2, 2, 1, 4, 3, 4, 2, 2, 1, 2, 4, 4, 1, 2, 4, 1, 4, 1, 2, 2, 4, 4, 4, 2, 4, 4, 4, 1, 1, 4, 1, 4, 2, 1, 4, 4, 1, 4, 4, 4, 1, 4, 1, 2, 2, 4, 2, 4, 2, 3, 4, 4, 2, 3, 2, 4, 2, 1, 4, 2, 1, 2, 4, 1, 2, 4, 4, 4, 4, 2, 2, 4, 2, 2, 2, 2, 4, 2, 4, 1, 2, 4, 4, 2, 4, 4, 4, 4, 1, 1, 2, 4, 1, 4, 2, 1, 2, 2, 1, 2, 4, 4, 1, 2, 4, 4, 1, 4, 4, 2, 3, 4, 2, 1, 2, 2, 1, 4, 4, 4, 2, 4, 4, 4, 4, 2, 1, 4, 2, 2, 2, 2, 2, 4, 4, 2, 4, 2, 1, 2, 2, 4, 2, 4, 4, 1, 4, 4, 4, 2, 3, 4, 4, 4, 4, 1, 1, 1, 4, 4, 1, 4, 2, 4, 4, 4, 4, 2, 4, 3, 3, 4, 2, 2, 4, 2, 2, 2, 2, 2, 2, 2, 2, 4, 2, 4, 4, 2, 4, 4, 1, 2, 4, 2, 2, 4, 2, 1, 2, 4, 2, 2, 4, 1, 4, 2, 2, 4, 2, 1, 4, 1, 1, 1, 4, 1, 1, 4, 4, 1, 2, 4, 2, 1, 4, 1, 2, 4, 3, 2, 4, 2, 4, 1, 4, 2, 2, 2, 1, 2, 2, 1, 4, 1, 1, 3, 4, 1, 2, 2, 1, 4, 4, 4, 2, 2, 2, 1, 2, 4, 2, 2, 4, 4, 1, 4, 4, 1, 4, 2, 4, 2, 1, 2, 4, 4, 2, 4, 4, 1, 4, 4, 2, 1, 4, 4, 4, 4, 4, 1, 4, 2, 4, 4, 2, 2, 2, 2, 2, 1, 2, 4, 3, 4, 4, 4, 2, 1, 3, 2, 1, 4, 2, 4, 4, 4, 1, 4, 4, 2, 4, 1, 1, 2, 1, 4, 4, 2, 4, 1, 4, 2, 4, 4, 4, 2, 1, 4, 4, 2, 2, 4, 2, 4, 4, 1, 4, 2, 4, 3, 1, 4, 4, 2, 4, 3, 2, 2, 4, 1, 2, 2, 2, 4, 2, 3, 4, 2, 4, 4, 4, 4, 1, 4, 1, 4, 1, 4, 2, 1, 4, 2, 1, 1, 4, 2, 1, 4, 2, 4, 2, 4, 4, 2, 4, 2, 4, 2, 1, 2, 1, 4, 4, 4, 4, 4, 4, 2, 2, 4, 2, 1, 1, 2, 1, 2, 1, 1, 1, 2, 1, 4, 4, 4, 4, 1, 1, 4, 1, 2, 3, 1, 4, 4, 4, 4, 2, 1, 4, 4, 2, 2, 1, 2, 4, 4, 1, 4, 4, 2, 2, 1, 4, 1, 1, 1, 1, 3, 1, 2, 4, 4, 4, 1, 4, 1, 2, 1, 1, 2, 2, 4, 2, 4, 1, 1, 2, 4, 4, 4, 4, 2, 4, 1, 1, 2, 2, 2, 4, 1, 4, 1, 2, 4, 1, 4, 4, 4, 4, 2, 4, 4, 2, 4, 1, 2, 2, 4, 1, 4, 2, 3, 1, 4, 4, 4, 4, 4, 2, 4, 4, 1, 1, 4, 1, 2, 2, 2, 4, 4, 4, 4, 4, 4, 4, 2, 1, 4, 4, 4, 4, 1, 4, 1, 4, 4, 2, 2, 2, 4, 4, 2, 4, 2, 2, 4, 4, 4, 1, 3, 4, 4, 1, 3, 4, 2, 4, 4, 4, 4, 4, 2, 2, 3, 1, 1, 1, 4, 4, 4, 2, 4, 4, 4, 2, 2, 2, 2, 2, 4, 2, 4, 4, 2, 2, 3, 2, 4, 4, 2, 1, 2, 4, 1, 1, 3, 4, 2, 2, 4, 1, 4, 2, 4, 3, 4, 4, 4, 2, 3, 4, 1, 2, 4, 4, 1, 2, 4, 4, 4, 2, 4, 1, 4, 2, 1, 4, 1, 4, 2, 4, 1, 1, 2, 1, 2, 2, 4, 2, 4, 4, 2, 2, 4, 2, 1, 2, 3, 4, 1, 4, 4, 4, 2, 2, 2, 2, 1, 4, 1, 2, 4, 4, 2, 2, 4, 4, 1, 4, 2, 4, 4, 1, 4, 2, 1, 2, 1, 4, 4, 1, 4, 2, 2, 4, 2, 1, 2, 1, 4, 2, 4, 4, 2, 4, 2, 1, 1, 4, 4, 1, 2, 1, 2, 2, 2, 2, 2, 2, 4, 1, 4, 1, 4, 4, 4, 2, 1, 4, 2, 1, 2, 2, 4, 4, 4, 2, 1, 2, 1, 2, 1, 4, 2, 1, 2, 2, 4, 4, 2, 1, 1, 3, 2, 2, 4, 4, 1, 1, 2, 2, 4, 4, 2, 1, 1, 2, 4, 2, 2, 1, 4, 2, 4, 2, 1, 2, 2, 4, 4, 4, 4, 1, 2, 2, 4, 4, 2, 4, 2, 4, 4, 2, 4, 4, 1, 2, 4, 4, 4, 4, 4, 4, 2, 4, 4, 1, 1, 1, 2, 4, 4, 2, 4, 2, 4, 1, 2, 4, 3, 2, 4, 4, 4, 2, 1, 4, 2, 4, 1, 1, 4, 4, 3, 4, 2, 4, 1, 4, 1, 1, 2, 4, 1, 1, 1, 2, 2, 4, 2, 4, 2, 2, 4, 2, 2, 4, 2, 4, 2, 4, 1, 4, 4, 1, 4, 4, 4, 2, 2, 4, 2, 2, 4, 1, 2, 2, 1, 2, 1, 4, 2, 2, 2, 1, 4, 1, 4, 2, 1, 4, 4, 1, 1, 1, 2, 4, 4, 4, 4, 2, 4, 2, 4, 2, 2, 4, 1, 4, 2, 1, 4, 4, 4, 1, 4, 4, 4, 1, 1, 2, 1, 2, 4, 4, 2, 2, 4, 1, 4, 2, 2, 4, 4, 4, 4, 1, 4, 4, 2, 4, 1, 2, 2, 4, 2, 2, 4, 1, 4, 4, 3, 4, 2, 4, 4, 4, 4, 4, 2, 1, 2, 1, 2, 4, 4, 4, 4, 3, 1, 3, 1, 1, 1, 4, 4, 4, 4, 2, 1, 2, 3, 4, 2, 4, 4, 4, 2, 4, 1, 1, 4, 4, 2, 4, 2, 4, 4, 2, 1, 3, 4, 4, 4, 2, 2, 1, 4, 1, 4, 1, 4, 2, 4, 2, 1, 4, 1, 1, 2, 1, 4, 1, 3, 4, 4, 2, 2, 3, 4, 4, 4, 4, 1, 4, 3, 2, 1, 4, 2, 4, 4, 2, 4, 4, 4, 4, 4, 1, 2, 4, 4, 4, 2, 1, 4, 4, 1, 4, 4, 4, 4, 2, 1, 4, 2, 2, 4, 2, 4, 4, 2, 2, 2, 2, 4, 1, 4, 1, 2, 2, 4, 2, 4, 2, 2, 2, 1, 2, 4, 2, 2, 1, 4, 4, 1, 3, 1, 2, 4, 4, 2, 4, 2, 2, 4, 2, 2, 1, 4, 4, 4, 1, 4, 1, 4, 1, 4, 2, 1, 4, 1, 2, 4, 4, 2, 2, 2, 4, 2, 4, 4, 1, 4, 2, 4, 4, 1, 4, 4, 4, 2, 4, 3, 2, 4, 4, 4, 1, 2, 1, 2, 4, 4, 2, 2, 2, 1, 4, 1, 2, 4, 1, 2, 1, 4, 4, 1, 4, 3, 4, 4, 4, 2, 1, 2, 2, 1, 4, 1, 1, 2, 4, 2, 2, 4, 2, 2, 2, 2, 4, 4, 4, 1, 2, 2, 4, 4, 2, 1, 4, 2, 1, 2, 4, 2, 2, 4, 4, 2, 4, 4, 2, 1, 4, 2, 4, 4, 1, 4, 4, 4, 4, 1, 2, 1, 4, 1, 2, 4, 4, 2, 4, 4, 4, 2, 1, 4, 4, 1, 4, 4, 4, 4, 2, 4, 1, 1, 4, 4, 4, 2, 2, 4, 4, 2, 2, 4, 1, 4, 2, 2, 2, 2, 3, 4, 2, 4, 4, 2, 1, 2, 1, 4, 4, 4, 4, 4, 4, 4, 4, 1, 2, 2, 1, 4, 2, 4, 1, 2, 2, 3, 4, 1, 4, 2, 4, 2, 4, 4, 2, 4, 2, 1, 1, 4, 4, 4, 4, 1, 4, 2, 4, 2, 2, 4, 4, 1, 1, 2, 2, 4, 2, 1, 1, 1, 3, 1, 1, 1, 2, 2, 3, 4, 4, 4, 1, 4, 1, 4, 2, 2, 2, 4, 2, 2, 4, 4, 3, 2, 2, 1, 1, 2, 1, 4, 4, 2, 2, 4, 4, 2, 1, 3, 2, 4, 4, 1, 1, 4, 2, 1, 4, 4, 4, 4, 4, 1, 4, 1, 4, 2, 2, 1, 2, 2, 1, 1, 2, 2, 4, 4, 4, 1, 1, 4, 4, 2, 4, 2, 2, 4, 4, 4, 2, 1, 4, 2, 3, 4, 2, 2, 1, 1, 2, 2, 4, 1, 2, 1, 2, 4, 3, 2, 4, 1, 2, 4, 4, 1, 1, 2, 2, 1, 2, 3, 4, 2, 3, 4, 1, 2, 2, 4, 4, 2, 2, 2, 4, 2, 4, 1, 4, 4, 4, 2, 3, 3, 1, 2, 2, 2, 1, 1, 3, 1, 4, 1, 3, 1, 2, 2, 1, 2, 4, 4, 1, 2, 2, 4, 2, 1, 2, 4, 2, 1, 4, 4, 4, 1, 1, 4, 2, 1, 2, 4, 2, 4, 4, 3, 4, 2, 2, 4, 2, 2, 3, 4, 2, 4, 3, 4, 2, 2, 2, 4, 1, 1, 1, 2, 4, 4, 4, 3, 4, 2, 2, 4, 4, 1, 4, 4, 1, 4, 4, 2, 4, 1, 1, 4, 4, 3, 1, 4, 4, 2, 4, 2, 1, 1, 4, 1, 2, 2, 4, 2, 4, 4, 4, 4, 2, 2, 2, 4, 2, 2, 4, 2, 1, 4, 4, 2, 2, 4, 4, 2, 2, 1, 4, 2, 1, 4, 2, 2, 4, 4, 1, 4, 2, 4, 4, 4, 2, 4, 2, 1, 2, 2, 2, 2, 1, 4, 4, 3, 4, 1, 1, 2, 2, 3, 1, 1, 4, 4, 1, 4, 2, 1, 2, 1, 3, 1, 4, 4, 4, 2, 1, 1, 4, 4, 2, 1, 1, 1, 4, 1, 4, 3, 1, 2, 1, 2, 4, 1, 2, 4, 1, 4, 4, 2, 2, 1, 4, 4, 1, 2, 4, 2, 2, 4, 4, 1, 4, 1, 2, 1, 2, 2, 4, 1, 4, 2, 4, 1, 4, 4, 4, 2, 1, 4, 3, 1, 4, 2, 1, 4, 4, 4, 2, 2, 1, 4, 4, 1, 4, 4, 2, 4, 1, 2, 2, 4, 4, 1, 4, 4, 4, 4, 4, 4, 2, 4, 2, 4, 2, 2, 3, 2, 1, 4, 1, 2, 4, 2, 2, 4, 1, 1, 4, 2, 1, 1, 4, 4, 3, 1, 2, 1, 3, 1, 3, 1, 4, 4, 4, 1, 1, 2, 4, 4, 4, 4, 1, 4, 2, 1, 1, 4, 4, 4, 1, 4, 4, 2, 4, 4, 2, 4, 4, 2, 2, 3, 2, 2, 1, 4, 1, 4, 1, 1, 2, 2, 1, 4, 3, 3, 1, 4, 1, 4, 1, 2, 1, 1, 2, 4, 4, 2, 4, 4, 3, 3, 4, 2, 4, 3, 2, 4, 1, 2, 4, 2, 3, 4, 4, 1, 4, 4, 2, 2, 1, 2, 1, 1, 1, 4, 2, 4, 1, 2, 3, 1, 4, 4, 2, 2, 1, 1, 1, 4, 4, 1, 4, 4, 2, 2, 4, 1, 1, 2, 4, 4, 4, 2, 4, 2, 2, 4, 2, 1, 4, 4, 4, 1, 2, 1, 4, 4, 1, 4, 2, 1, 4, 2, 4, 4, 4, 2, 2, 1, 4, 2, 2, 4, 2, 2, 4, 4, 1, 2, 2, 4, 1, 2, 2, 1, 1, 2, 3, 4, 4, 4, 4, 4, 4, 1, 1, 4, 1, 4, 4, 4, 1, 2, 1, 4, 2, 2, 1, 1, 2, 2, 1, 1, 1, 3, 1, 4, 1, 4, 2, 2, 2, 4, 2, 1, 4, 2, 4, 2, 4, 2, 1, 4, 2, 2, 1, 2, 4, 2, 2, 4, 2, 2, 4, 4, 4, 2, 4, 4, 4, 4, 2, 1, 4, 3, 2, 2, 4, 2, 4, 2, 4, 4, 4, 1, 4, 2, 4, 4, 2, 2, 4, 1, 4, 4, 2, 2, 2, 1, 2, 2, 4, 1, 2, 2, 4, 4, 1, 4, 1, 1, 2, 1, 2, 4, 2, 2, 4, 4, 1, 2, 1, 1, 1, 2, 4, 1, 2, 1, 2, 4, 1, 4, 1, 4, 4, 4, 1, 4, 4, 2, 2, 2, 1, 4, 4, 4, 4, 2, 4, 4, 2, 4, 1, 2, 4, 4, 2, 3, 2, 1, 4, 4, 4, 4, 1, 2, 1, 4, 2, 3, 1, 1, 2, 4, 1, 2, 4, 2, 2, 2, 4, 1, 2, 2, 2, 3, 1, 1, 2, 1, 4, 4, 1, 4, 4, 2, 1, 1, 4, 4, 4, 1, 1, 2, 4, 2, 1, 1, 4, 1, 2, 1, 4, 4, 4, 2, 4, 1, 4, 1, 2, 4, 1, 4, 4, 1, 4, 4, 2, 2, 4, 4, 2, 3, 2, 4, 4, 4, 4, 4, 2, 4, 2, 2, 2, 4, 4, 1, 1, 3, 4, 4, 4, 4, 4, 1, 4, 1, 2, 1, 1, 2, 2, 1, 4, 2, 1, 1, 1, 4, 4, 2, 2, 2, 2, 1, 2, 2, 2, 1, 1, 4, 2, 2, 3, 4, 1, 2, 2, 2, 1, 1, 2, 2, 1, 2, 1, 4, 1, 4, 4, 4, 2, 4, 4, 1, 3, 4, 4, 2, 4, 4, 1, 4, 1, 4, 2, 4, 2, 2, 1, 1, 1, 4, 2, 2, 3, 1, 3, 4, 2, 4, 4, 4, 4, 2, 4, 4, 2, 1, 2, 4, 1, 4, 2, 1, 2, 2, 2, 4, 2, 4, 4, 1, 1, 4, 1, 1, 4, 2, 2, 4, 4, 2, 4, 2, 4, 4, 2, 4, 4, 2, 4, 2, 2, 3, 4, 4, 4, 4, 2, 1, 4, 4, 2, 2, 2, 2, 4, 2, 2, 3, 2, 2, 1, 2, 4, 4, 2, 2, 4, 4, 4, 1, 2, 1, 4, 2, 4, 1, 4, 3, 1, 4, 2, 2, 4, 1, 4, 4, 4, 4, 2, 4, 4, 4, 1, 4, 2, 1, 4, 4, 2, 4, 2, 4, 1, 1, 4, 4, 1, 4, 1, 2, 2, 1, 4, 4, 3, 4, 2, 2, 2, 4, 1, 1, 2, 2, 4, 4, 4, 2, 3, 1, 4, 4, 1, 1, 4, 4, 4, 2, 4, 4, 4, 4, 2, 4, 4, 2, 4, 4, 2, 2, 3, 2, 1, 1, 1, 4, 2, 4, 1, 4, 2, 2, 2, 2, 4, 4, 4, 4, 4, 4, 4, 4, 2, 2, 2, 2, 4, 1, 4, 2, 1, 4, 4, 4, 4, 2, 4, 1, 4, 4, 2, 4, 2, 1, 2, 4, 1, 4, 2, 4, 4, 4, 4, 4, 2, 1, 4, 4, 2, 2, 2, 4, 1, 1, 3, 2, 2, 1, 4, 4, 1, 3, 4, 1, 4, 2, 2, 2, 3, 2, 4, 3, 4, 2, 1, 2, 4, 4, 2, 2, 2, 3, 4, 2, 4, 1, 2, 2, 4, 4, 4, 2, 4, 1, 4, 1, 2, 1, 2, 1, 4, 4, 2, 4, 2, 4, 4, 4, 1, 2, 2, 2, 1, 2, 1, 2, 2, 1, 4, 1, 2, 2, 1, 4, 1, 1, 1, 4, 2, 4, 4, 2, 2, 1, 4, 2, 2, 2, 4, 3, 1, 4, 4, 2, 1, 4, 1, 4, 4, 2, 2, 1, 2, 2, 4, 1, 2, 4, 1, 2, 4, 4, 4, 2, 2, 2, 2, 2, 2, 3, 1, 3, 4, 4, 1, 1, 4, 2, 1, 4, 1, 2, 4, 1, 4, 4, 2, 4, 2, 4, 3, 2, 4, 1, 4, 4, 4, 4, 1, 2, 2, 1, 1, 1, 4, 4, 4, 2, 4, 1, 1, 4, 4, 4, 2, 1, 4, 2, 1, 4, 1, 4, 4, 2, 4, 2, 4, 4, 2, 2, 2, 1, 4, 2, 2, 3, 2, 4, 1, 2, 2, 2, 4, 4, 2, 4, 2, 2, 2, 2, 4, 4, 1, 2, 1, 4, 4, 1, 2, 4, 4, 4, 2, 4, 4, 4, 4, 1, 2, 2, 1, 2, 2, 4, 1, 4, 4, 2, 4, 4, 2, 4, 4, 4, 3, 1, 2, 4, 1, 1, 2, 2, 1, 2, 1, 1, 2, 2, 4, 1, 4, 1, 2, 2, 4, 1, 4, 1, 2, 2, 1, 3, 2, 4, 2, 4, 4, 2, 4, 4, 3, 2, 4, 4, 1, 4, 4, 4, 2, 4, 2, 4, 2, 2, 2, 1, 2, 1, 2, 2, 1, 4, 4, 2, 1, 4, 1, 4, 1, 4, 1, 4, 2, 4, 4, 4, 1, 2, 3, 4, 4, 2, 2, 2, 2, 2, 1, 1, 4, 4, 4, 2, 1, 2, 4, 1, 3, 4, 1, 4, 2, 4, 4, 1, 4, 1, 2, 4, 4, 2, 4, 1, 1, 1, 1, 1, 2, 4, 2, 2, 4, 1, 2, 4, 4, 2, 4, 1, 1, 1, 1, 4, 1, 1, 2, 4, 3, 2, 4, 2, 1, 2, 4, 1, 3, 4, 1, 4, 2, 2, 4, 4, 1, 2, 2, 1, 1, 1, 1, 2, 1, 4, 1, 4, 2, 2, 2, 1, 4, 2, 2, 2, 4, 1, 4, 4, 3, 4, 4, 1, 2, 1, 4, 4, 2, 2, 4, 4, 4, 4, 1, 2, 4, 1, 4, 4, 4, 2, 2, 4, 4, 2, 1, 2, 4, 2, 2, 4, 2, 2, 4, 2, 4, 4, 2, 1, 4, 4, 2, 1, 4, 1, 2, 2, 1, 2, 1, 4, 2, 1, 4, 4, 4, 3, 2, 4, 2, 2, 4, 2, 2, 4, 4, 2, 4, 2, 1, 1, 4, 2, 2, 4, 1, 4, 2, 4, 4, 4, 4, 4, 1, 1, 4, 1, 1, 2, 2, 4, 4, 2, 2, 2, 4, 2, 4, 1, 1, 2, 4, 1, 4, 2, 2, 4, 4, 4, 4, 1, 2, 2, 3, 1, 4, 2, 4, 2, 3, 4, 1, 2, 1, 2, 2, 2, 4, 1, 1, 4, 1, 1, 2, 1, 4, 4, 2, 1, 2, 1, 2, 4, 4, 1, 2, 1, 1, 4, 2, 1, 2, 2, 4, 4, 2, 2, 1, 2, 1, 1, 1, 4, 4, 4, 3, 2, 2, 2, 4, 1, 4, 1, 2, 1, 1, 3, 4, 4, 1, 4, 4, 4, 4, 4, 1, 1, 4, 1, 2, 1, 4, 1, 4, 4, 1, 2, 2, 4, 2, 2, 4, 1, 2, 4, 2, 4, 4, 3, 2, 4, 4, 1, 4, 2, 4, 4, 4, 2, 4, 3, 4, 2, 1, 4, 1, 4, 2, 4, 4, 2, 1, 4, 4, 2, 4, 2, 1, 3, 2, 2, 4, 4, 3, 1, 4, 2, 2, 2, 2, 1, 4, 4, 2, 2, 3, 3, 2, 2, 4, 3, 4, 4, 1, 2, 4, 2, 4, 1, 3, 4, 4, 3, 4, 4, 2, 1, 4, 2, 4, 4, 4, 2, 4, 4, 4, 2, 1, 2, 2, 1, 1, 4, 2, 2, 4, 1, 4, 4, 2, 2, 4, 4, 2, 2, 4, 4, 2, 2, 2, 4, 2, 4, 1, 2, 1, 2, 2, 2, 2, 2, 4, 1, 2, 1, 4, 2, 2, 4, 1, 4, 1, 1, 2, 2, 1, 4, 1, 2, 2, 1, 2, 1, 4, 2, 4, 4, 2, 3, 2, 1, 4, 4, 3, 1, 2, 1, 2, 2, 2, 1, 2, 4, 1, 2, 4, 4, 4, 2, 4, 4, 4, 4, 4, 1, 4, 4, 2, 2, 2, 1, 2, 1, 1, 4, 2, 4, 1, 2, 1, 2, 4, 1, 1, 4, 1, 4, 1, 4, 1, 2, 4, 3, 2, 4, 1, 1, 1, 4, 2, 4, 2, 2, 1, 2, 1, 1, 1, 4, 2, 4, 2, 1, 4, 2, 1, 4, 1, 4, 1, 4, 2, 4, 4, 4, 1, 1, 4, 4, 1, 2, 4, 2, 1, 4, 2, 4, 4, 4, 1, 4, 2, 4, 2, 2, 1, 4, 2, 2, 4, 1, 2, 4, 2, 4, 1, 1, 4, 1, 2, 3, 2, 2, 4, 1, 2, 4, 4, 1, 4, 2, 4, 2, 1, 2, 4, 1, 4, 2, 4, 1, 2, 2, 1, 2, 4, 1, 2, 2, 1, 2, 2, 2, 2, 4, 2, 1, 4, 4, 2, 1, 2, 1, 4, 4, 1, 2, 4, 2, 1, 4, 2, 2, 1, 4, 4, 1, 4, 4, 4, 2, 2, 1, 4, 4, 1, 4, 2, 4, 2, 4, 4, 2, 2, 1, 4, 2, 4, 1, 1, 1, 4, 4, 4, 2, 4, 4, 1, 2, 1, 2, 2, 1, 4, 2, 4, 2, 4, 4, 2, 4, 1, 1, 2, 2, 4, 2, 1, 1, 1, 2, 2, 3, 2, 3, 1, 4, 4, 4, 4, 1, 4, 4, 4, 2, 4, 4, 1, 1, 4, 1, 4, 2, 1, 2, 1, 1, 2, 1, 1, 1, 1, 2, 2, 2, 2, 4, 1, 1, 2, 4, 2, 4, 4, 4, 4, 4, 4, 1, 2, 1, 2, 2, 4, 4, 2, 4, 4, 1, 4, 4, 2, 4, 4, 4, 4, 2, 1, 4, 1, 1, 2, 4, 4, 4, 1, 1, 1, 2, 4, 1, 2, 4, 3, 4, 4, 4, 1, 1, 1, 4, 4, 2, 4, 4, 4, 1, 4, 2, 3, 1, 1, 4, 4, 3, 2, 1, 1, 2, 4, 4, 4, 1, 1, 4, 2, 3, 2, 1, 2, 1, 4, 2, 4, 2, 4, 2, 2, 1, 3, 4, 1, 2, 1, 4, 2, 4, 4, 1, 2, 2, 2, 4, 4, 2, 4, 4, 2, 2, 2, 1, 2, 3, 4, 2, 1, 4, 2, 4, 4, 2, 4, 1, 4, 2, 4, 4, 2, 4, 4, 2, 4, 4, 2, 4, 4, 4, 4, 2, 1, 4, 4, 4, 3, 1, 1, 1, 1, 1, 4, 2, 2, 4, 4, 2, 4, 4, 4, 1, 4, 2, 2, 1, 4, 2, 1, 1, 1, 4, 1, 2, 4, 4, 2, 2, 4, 1, 4, 2, 1, 1, 4, 4, 3, 4, 2, 4, 4, 2, 4, 2, 3, 2, 4, 4, 2, 1, 2, 4, 1, 4, 4, 2, 4, 1, 2, 3, 1, 4, 2, 2, 2, 4, 4, 1, 4, 2, 4, 4, 1, 1, 3, 4, 2, 2, 4, 2, 4, 2, 4, 2, 3, 4, 2, 2, 2, 1, 2, 4, 2, 4, 4, 2, 4, 4, 4, 4, 2, 1, 4, 2, 3, 4, 4, 2, 2, 2, 4, 2, 4, 1, 4, 1, 2, 1, 4, 1, 2, 4, 4, 1, 4, 2, 4, 4, 4, 4, 4, 3, 1, 2, 1, 2, 1, 4, 4, 1, 2, 4, 2, 2, 4, 4, 4, 4, 4, 4, 3, 2, 2, 4, 4, 1, 3, 4, 1, 4, 1, 2, 4, 4, 4, 1, 4, 4, 4, 2, 4, 4, 4, 2, 4, 4, 4, 1, 1, 2, 2, 4, 4, 3, 4, 4, 4, 1, 4, 4, 2, 1, 1, 2, 4, 2, 2, 1, 1, 2, 4, 2, 4, 4, 4, 1, 2, 2, 1, 4, 1, 1, 4, 4, 4, 2, 4, 1, 2, 1, 4, 1, 4, 4, 1, 2, 4, 2, 4, 4, 4, 2, 2, 4, 1, 1, 2, 4, 4, 4, 2, 2, 2, 4, 4, 2, 2, 1, 2, 2, 2, 4, 1, 1, 4, 4, 4, 3, 2, 2, 2, 1, 1, 4, 2, 4, 2, 3, 2, 4, 4, 4, 1, 1, 1, 1, 2, 2, 2, 1, 4, 4, 2, 2, 2, 1, 4, 3, 4, 2, 1, 2, 2, 4, 4, 1, 4, 3, 4, 4, 4, 3, 4, 4, 2, 1, 4, 4, 1, 1, 4, 4, 1, 2, 4, 4, 4, 4, 1, 4, 4, 4, 4, 2, 1, 4, 2, 1, 3, 2, 2, 1, 4, 4, 1, 4, 4, 2, 4, 1, 2, 4, 2, 2, 4, 4, 2, 4, 4, 2, 1, 1, 1, 4, 4, 2, 2, 4, 4, 3, 4, 3, 2, 3, 1, 1, 2, 4, 1, 4, 4, 2, 4, 4, 4, 2, 1, 4, 4, 3, 4, 4, 2, 2, 4, 1, 1, 4, 1, 2, 2, 2, 4, 3, 2, 4, 4, 1, 4, 4, 1, 1, 2, 1, 1, 4, 4, 2, 4, 1, 4, 4, 3, 2, 1, 1, 2, 1, 1, 2, 2, 2, 1, 1, 1, 4, 2, 2, 1, 4, 4, 4, 1, 2, 2, 4, 1, 4, 4, 1, 4, 2, 2, 2, 4, 1, 1, 1, 4, 3, 1, 4, 2, 2, 2, 4, 1, 4, 1, 4, 4, 1, 4, 1, 4, 4, 4, 2, 4, 4, 1, 1, 4, 2, 2, 2, 4, 4, 4, 4, 2, 1, 2, 1, 4, 2, 4, 3, 4, 4, 1, 1, 1, 4, 4, 2, 3, 4, 3, 1, 2, 4, 1, 4, 1, 4, 2, 4, 4, 2, 4, 1, 1, 1, 4, 2, 4, 4, 4, 2, 2, 2, 1, 4, 4, 2, 4, 2, 4, 4, 4, 1, 2, 1, 1, 3, 2, 1, 4, 4, 4, 1, 2, 4, 1, 2, 1, 4, 1, 4, 3, 1, 1, 4, 3, 4, 4, 1, 1, 4, 4, 4, 1, 1, 2, 4, 2, 2, 1, 2, 2, 2, 4, 4, 4, 1, 2, 2, 2, 4, 4, 1, 2, 1, 1, 2, 4, 4, 4, 2, 2, 1, 1, 4, 2, 2, 1, 2, 1, 4, 2, 2, 4, 2, 2, 1, 4, 4, 2, 4, 4, 2, 2, 1, 4, 1, 4, 4, 1, 4, 2, 4, 1, 2, 2, 1, 2, 2, 2, 2, 2, 1, 1, 4, 1, 1, 2, 2, 1, 4, 4, 4, 2, 4, 4, 4, 2, 4, 2, 2, 1, 4, 4, 1, 4, 1, 4, 2, 4, 1, 4, 4, 1, 1, 2, 4, 2, 3, 4, 1, 4, 4, 2, 4, 2, 4, 1, 2, 3, 3, 1, 4, 4, 4, 4, 4, 2, 4, 2, 2, 1, 2, 4, 1, 4, 1, 2, 2, 4, 2, 2, 2, 2, 2, 2, 4, 4, 3, 1, 4, 4, 2, 2, 4, 4, 4, 4, 4, 1, 4, 1, 3, 4, 4, 4, 4, 1, 3, 2, 1, 2, 4, 2, 1, 2, 1]